1 1
2 145
3 12510288
4 2303072868513024
5 2457947913003328321280212992
6 34165122738451955705810966277767294877696000
7 12175003166528805204265611008330266481402383304196135007027200000
8 198907824731570840407919353561290245224773739617925812048800861070438550292398080000000000
9 247751735655226679869592385192405602247988128804314025165457192276110680282195110919631865249550743633920000000000000000
10 36967965400279626860741898749216816771287880838193881225831042017318599782253138157795962912278225677346428170292534391716211326976000000000000000000000000
11 992215010612521713711676661844764852557430977412849914545500928401038760643912164948479573796141181325937138691284606635731662585233134468103767586856746819466035200000000000000000000000000000000
12 6929899056426031096638615610234752953798545706416908657537294337877645608016288344123299065952102203909832986511392605589986109445608948060821078345653375638951440559382669799261455854069572278681600000000000000000000000000000000000000000000
