1 1
2 12
3 2000
4 6728000
5 653817577728
6 2524149828635000832
7 512837705591326260986904576
8 7039151565244751994562764269005307904
9 8164988878828438579131448183584441815764303872000
10 979942254773377937767154832256442786372569016407938849728102400
11 14635216623404202148407894259080597101385476505208496569964859593299329024000000
12 32220647500162312820431870758207115844285131071230017872100752174853741953337960485303091200000000
13 12228900035944613507859102375325093646311996339786552381728529201463856726988267415809845932418883209691083571200000000
14 925359391356524148930666775421996904758690885849242712289258307338366050091903192613814882230236285047248800008002073984961085440000000000000
15 15990140135535456190402041177587339424793360202794212552777366531641619511302758263501261737982695706021145212331391637962485714751357590854194482380800000000000000000
16 71659477096342729816455736117437512842111775952470638040618012611094922108693931334451654215963741711988888183120124658589887354159973893754178359309277806563657368542904320000000000000000000000
17 93880330395091683566028457047687645683422254534148234628860050837337504484677191158624764174818287942659742894990624005309308536564503306339365338998510014012566653101178145425850130775641843302400000000000000000000000000000
18 40258074572765229235548914064582587043922468797566474472507784164213746373468680520955623861956862282330625824437208609254009987071538479519470614683432861729516899465240989581204853937551704502880228833674512889590589685760000000000000000000000000000000000
19 6289375422915355501903985568318656373488283396253550400964733599726325574522403719511982600862224451363647270732083189592161820672763843519677020154642095471693064689531113073770547270437355438135594823902775659005798536058652090902637965213696000000000000000000000000000000000000000000000000
20 396274723707427939056741252105764325007630561194809822041448899766472750442662386243457508810027422838130733567707752584892666789749359923941379641896298466554533642056653538931097726900148739943445863743117639997306031731011985422187875503525781010836115275295964218708449034240000000000000000000000000000000000000000000000000000
