1 5
2 4
3 6
4 2
5 2
6 9
7 3
8 1
9 0
10 4
11 0
12 0
13 1
14 0
15 4
16 5
17 8
18 7
19 4
20 1
21 2
22 6
23 6
24 0
25 5
26 8
27 5
28 4
29 3
30 8
31 3
32 6
33 3
34 1
35 4
36 2
37 7
38 3
39 4
40 8
41 3
42 3
43 1
44 7
45 0
46 1
47 5
48 3
49 6
50 0
51 2
52 5
53 7
54 1
55 9
56 9
57 4
58 1
59 7
60 7
61 1
62 2
63 9
64 4
65 1
66 0
67 5
68 4
69 3
70 3
71 3
72 3
73 0
74 3
75 2
76 1
77 8
78 4
79 9
80 3
81 6
82 5
83 9
84 0
85 2
86 3
87 9
88 4
89 1
90 8
91 1
92 6
93 3
94 0
95 7
96 5
97 1
98 9
99 7
100 7
101 3
102 7
103 7
104 3
105 3
106 6
107 8
108 7
109 2
110 2
