1 8
2 3
3 0
4 7
5 3
6 2
7 9
8 5
9 5
10 8
11 4
12 8
13 7
14 3
15 5
16 6
17 6
18 3
19 8
20 5
21 0
22 3
23 7
24 2
25 7
26 4
27 8
28 0
29 3
30 3
31 4
32 7
33 9
34 7
35 4
36 7
37 2
38 9
39 3
40 4
41 3
42 8
43 0
44 0
45 4
46 7
47 8
48 3
49 8
50 0
51 4
52 6
53 1
54 2
55 1
56 5
57 2
58 5
59 1
60 7
61 2
62 3
63 2
64 1
65 5
66 8
67 3
68 2
69 1
70 2
71 5
72 5
73 0
74 1
75 9
76 6
77 6
78 5
79 8
80 9
81 9
82 6
83 5
84 6
85 2
86 3
87 3
88 4
89 8
90 3
91 2
92 3
93 6
94 4
95 6
96 5
97 5
98 1
99 9
100 0
101 1
102 6
103 1
104 6
105 5
106 2
107 2
108 0
109 9
110 5
